./profiling/20000.log ./profiling/2000.log ./profiling/200.log
PeopleController.index 140.61122876 281.731705135 1829.2632175 29.4935614984 27.4180161925 77.5991151641 107.868612419 47.343940552 3.70139024922 2.29854774667 205.423200857 1744.9709344 
StreamsController.aspects 189.769109528 247.450561325 1826.02996375 47.0080734444 63.561675475 288.4034747 137.656722417 214.092477 715.5125806 2.00115166667 0 801.8725735 
PostsController.show 200.302860376 249.47936368 1490.54673633 56.0313056941 83.6608355758 81.3848863333 226.524142329 301.032948471 69.8184433333 0 0 1337.10480533 
PeopleController.show 187.500394608 223.317826625 1409.59743233 58.6432810682 64.8770753456 301.887412667 94.2854065419 142.230263761 744.209982 24.2117157446 10.0440031456 343.390869333 
UsersController.edit 168.868655824 165.287028167 1245.616587 30.4448762941 33.5094063333 45.202154 229.788726765 216.40939 104.460526 0 0 1092.987145 
UsersController.privacy_settings 128.9748598 133.961903833 1237.3453 24.378725 20.3751621667 42.775168 157.651574333 202.375325833 58.512724 0 0 1134.509287 
Api::OpenidConnect::UserApplicationsController.index 134.675515133 155.115787833 1144.928814 27.6985797333 41.0101485 37.270754 201.3611978 260.138694667 35.53052 0 0 1067.8415 
TagsController.show 176.424602064 209.614197169 951.805603789 43.6150479848 34.6676695052 63.4121015263 127.101039537 181.220304284 235.552805684 0 0 643.436872053 
StreamsController.followed_tags 193.003107733 342.987486 651.798349 39.0762452667 61.9421713333 56.639002 181.114639333 332.151069667 644.906717 0 0 0 
ProfilesController.edit 160.301124933 158.3316835 650.6378395 27.0688994 21.4762175 31.938835 190.974020733 229.433646667 121.9409935 0 0 495.6675875 
ContactsController.index 194.495215066 264.420322091 452.6620075 41.9806468204 95.7148482284 199.289405 241.313726341 313.308776812 502.6618495 0 0 0 
StreamsController.multi 434.326240103 422.6350227 357.661134 137.356325483 192.9419261 29.292608 225.386427586 102.9683502 342.035111 59.6791755172 117.37824725 0 
SessionsController.create 135.071739294 140.171251333 259.137667 27.3023324706 27.4977317778 33.389339 0.0 0.0 0.0 108.101520471 111.950284889 222.641049 
NodeInfoController.statistics 125.137082471 121.901488 157.721164 24.3150405882 28.6210568333 25.212872 192.415807412 186.093794333 242.913222 0 0 0 
StatusMessagesController.create 335.94876655 77.384302274 157.3829785 170.747761425 36.2169866712 48.112983 0.0048429 0.0 0.0 165.44268275 41.4864537534 99.8672235 
StreamsController.mentioned 162.585373625 470.8794631 152.379156 37.6394834375 175.7498985 29.622121 147.19888875 112.765615 143.946432 0 157.5301143 0 
StreamsController.activity 167.3388726 377.5404675 135.346775 37.8211776667 128.910850375 28.588558 158.142911133 127.119953625 128.662608 0 103.800957375 0 
CommentsController.index 334.904321388 131.341107167 126.538463 16.7709095176 24.6956897944 14.49287175 309.194311553 97.5637966333 107.770554 9.17062027059 8.98173427222 4.49236575 
StreamsController.public 178.370412267 168.925240167 113.830261 41.5892108 35.4279473333 26.69951 167.0995408 161.551457667 106.070322 0 0 0 
CommentsController.create 68.673574561 64.2979005652 112.4363885 31.9146183902 32.5903810435 65.278991 0.0 0.0 0.0 37.2888596585 32.059035087 47.825239 
HelpController.faq 127.071617133 164.3977495 92.270649 22.9435131333 31.8237913333 21.848575 203.822559067 217.508236167 140.824643 0 0 0 
ServicesController.index 114.5154938 128.319097167 90.569152 24.6273592 18.158668 14.887151 186.459293267 215.802762667 129.124602 0 0 0 
NotificationsController.index 97.6218144247 110.774284294 15.094946 25.2466998904 25.1469209804 4.960253 115.362127315 142.466368157 0.0 0 0 10.218822 
SearchController.search 11.0164640528 9.49215850682 13.5226113297 2.40901788512 2.13423664786 3.57129367663 0.0 0.0 0.0 8.6460957862 7.39225839616 10.0069605179 
CommentsController.new 11.0338034 14.1840099228 11.3532227778 2.16362198788 3.72760481182 1.97912133333 0.664065006061 0.0655487732207 2.04037844444 8.24303381212 10.4288567937 7.36950722222 
HomeController.toggle_mobile 8.83326252941 7.22197583333 7.210486 1.77476223529 1.44554883333 1.80017 0.0 0.0 0.0 7.09546282353 5.80048483333 5.451475 
